6123409880
5171159182
2552920054
1287305957
9485866208
8152922548
3771154167
4226803442
6163391040
7489073227
2709857861
5828665454
3748823499
5964068708
9887656769
6785033954
9528220473
8255849716
3037882447
6146070786
1955602780
6424252664
9769652619
8290096439
5819606767
2054435398
9650668145
3079173340
3004708315
2733321298
7096399426
3349896301
8510627167
2074020838
1512170192
3727797950
1175857472
4440514088
2340719306
3491303582
4776750571
9226205191
9220236682
8780033408
4649792187
5124430882
7106608333
2439489334
9742512811
2465455092
2129489320
1062883669
6254918995
6011012030
1449612549
2481355035
4111857140
1102105103
6413254712
7660842159
1127205381
2164183023
5545011370
9089343523
4206051491
6146592061
3746414875
6654628252
1538598451
3559889031
3105698726
2478797769
3241529995
1760673340
2325980630
1272530506
2289280338
9206125741
5830916352
2480001764
1546206224
8160302897
4779794911
7961123322
9640778912
8291461932
9905072371
7355827634
7607677791
8018540373
2821861040
1876906471
4439117448
2227798650
1675038558
5774757064
8240989798
1557735636
9498737718
9987866486
9813181917
1674117751
1324002892
1025819408
7610708650
5657933100
1830611415
1662576529
7596509031
8186325164
4877612337
1852792513
6049709616
1761234358
8780946767
3464131377
8064062857
1556808774
9598793634
1738642461
1373073106
3062205427
7813497513
2915442382
5243796549
9097259018
2785562330
4433867848
2308207656
7953251915
9518372158
9586083092
5111168340
8107212038
5199849053
8029098291
5190345050
4106327074
5277310522
9396837428
6981947864
4027447937
9603722416
7351106301
5866067799
8315885552
9564664610
2959851771
4248906337
6160258782
4080074145
1339778771
6832369826
1247347556
6867901973
9428236477
9131132915
6205861642
4017847389
7571730629
3408310156
4174434749
1789287598
6510147098
9479439613
8371452637
2033624326
1683036638
9755618618
7315353232
7592287001
1906328753
8524534519
4074947120
1876614331
8950735759
6078380931
9444904852
3055849674
6089013236
2994748381
4743057813
8601813520
9433298788
1314783718
8592131633
1421406103
6313049521
1486275654
3966435964
6753271936
2595056894
1482535759
7952175174
2859479813
3167081651
7482899946
2657407918
7541259137
1638377010
9370819123
9047587905
6093797154
2100654541
6928974450
1910783512
7466783427
5977514373
2425820229
1722979527
2536207007
1604871976
9206540776
8689584849
9761091523
9373030886
9167346918
2869372955
9883838696
7694221981
6611504859
2276196460
4742988362
3881365268
7146274836
5962548939
6292744184
1940211456
2164748441
6195589551
7889176837
3604955623
7535271733
7783401784
3386153330
4015898478
8405821438
8940100817
1622002697
8994475388
2554781328
4721867090
8085181508
1921880323
1597430632
8699384290
7039627154
3007723535
1122569705
1091244780
3940429450
9262059293
8059043600
5091457148
6474180344
2944186618
1948470766
1448459094
1965949492
3638360312
6815845163
1020938303
9927088462
1552517314
8563172815
1641150098
4936181774
6507080783
8058064790
2431057144
6677862831
5188659196
8417755168
9167368392
1216640586
4656437860
6344107619
7777484873
5082116371
8751729732
9203261121
8869136625
8016362355
5048450435
4354731086
9430415132
2776244210
7105696980
4043855103
7754027870
9014255010
5842900570
7742756952
8138652508
1240915616
6180156458
8107994087
5225852457
3104472653
2349638181
1886373351
4777061674
6712535711
1540313194
4300599669
8493390925
1689987310
7355011921
1830770195
2751308955
8965749698
9842090891
9526723452
1545313154
5112421699
8600616776
3309816647
6920515637
4866091920
5395815496
1282714250
4108830901
3216879181
5498002897
5422255816
1447263435
7730004385
4212721183
5941996397
9289313574
8082119199
6746605430
1414968394
8295448217
2344817898
4318577537
9455009211
7875173101
1766828432
2297288645
4671022956
1389365398
1776484023
1676206424
2327443043
7513286104
8960894035
1011339780
1791226104
1536462092
9508927853
9137056825
5780378715
2480339123
1184903788
2597413145
5564897980
8174076853
8635721061
3714977098
9641724592
4428011814
1047509468
4035610190
5537986930
3815464690
3750902522
8461328165
4047351923
3617317534
6185678262
7060402495
1392782404
9904871344
5519392453
6929804901
5826452318
7127486359
9884766393
6651653241
1340904670
3528310669
8689644865
3364091752
2324897839
1831827479
3915115654
7500022239
8102984655
2093877750
2755768664
8223138566
1629885103
5158708788
4406747817
9651781081
5233404610
5344802344
8800638849
5720355864
1456239271
4136253585
6997043160
8142384897
9868511750
8745041200
7937355531
9029351219
6901114770
5004331787
5762889842
1471745203
6987055001
4222486120
7462290789
5680395518
5939653998
4009501516
7672083465
2813352766
1481565998
6529579984
7109600443
5032728329
8628686400
4556118930
2403110704
5545425132
1065540936
1173786903
9386038954
7679349241
5703996100
6093573275
1332019576
1015205532
3232269027
1697559028
4199202048
5392707022
5564515545
1608596039
1160843362
1363266695
9299524548
2346584605
9956583695
4679417178
1460633374
4357289637
7758388675
4136177129
9609593757
1767450337
4065977305
5057887409
8893145891
4310350801
7580740929
6275111246
9893735187
1268120853
7023196348
3854071113
5149890503
8629399753
8554675668
9929093942
6664225373
1965894836
6379896681
6186913084
4857977486
2858189581
9203440845
7099128605
6286594726
1782595846
9048373524
1475745716
1768032737
4532485720
9585384906
4051442683
5632696167
3900319593
8153319335
2466651802
1821145691
2610686387
1094540658
8187201837
9442520620
2783475818
9459618711
1151211290
7747231609
7738481478
4871450942
5051392706
9660029808
4626191002
7431687390
8790885129
3942201199
6859684545
3423164541
8680422520
9315166761
5701045895
5296621426
6847723845
3948569970
3012165545
2862745979
6775860272
9241169410
1270136212
9686344425
8430153196
7896761781
4855909358
5002027561
3502728586
1342961456
8061618661
2991543234
9830936776
9325391747
1942135967
2398699245
7947659357
1499108424
1767867125
3631663325
1608308669
3070746985
9962554712
3173002911
1235620068
5868977991
5504830612
8528235036
1547771610
5129162983
8307220660
6707825237
9796081404
6850651786
6701796213
8124113038
9210717241
4036858273
1691903855
1830902728
3816383257
1115525691
1746253987
2898204694
8377296342
3630871406
6691655012
1760246550
6033882766
7857166854
1869156702
1970472037
9775412864
4760054939
1102819579
4852972646
5868017762
1937308599
2399723189
5526039540
6535937957
6639458525
7688472616
4496840893
6542524458
1354475429
8512175878
1034977224
6837407955
1289111010
7337745643
6891876066
7071748265
6150173572
2774561576
3261272869
1231710035
8301293543
9040552948
6663994757
1397496060
1195970666
3995301829
1685554336
2439565098
4286133092
1821992043
6625834800
5999426830
6355936297
1234340046
8420237945
4416948359
3391435809
9985390686
3233039901
6038415265
4711984219
9957000330
8293832584
3800340348
7843289859
8222772875
7304529300
5702565969
1789844999
1590013246
9255413612
8801393218
4500902512
3558500669
1620499848
8540187340
7993852425
7425414346
8887174323
1109406725
6939584735
4939534471
9725962662
3462611697
1004499612
9315034509
8867390119
7969903702
5480875446
4676672415
1731685223
4548769377
4364582897
9420943256
1755110761
7352833397
1708120238
7024454928
3896506855
9262363803
1304843196
6742901129
3569583140
8714373478
9396125131
4133659208
4880628941
5119921517
7062290132
4579887327
3833809326
5288593293
2164253488
6909448496
4829391444
5105549056
6258388087
8236372953
1051674281
8919416229
3579518398
7152769403
5242651264
8688161281
1988502028
7100219750
4868494128
7030936145
9858838617
5839153122
4494423946
6827215131
6448227777
3834727507
8258399511
3730878789
9335803133
2228854973
9380475059
6252915936
2871624524
1967496865
2757174247
6895797166
5497376835
7212167865
5547009444
6051104112
7937942106
1987147481
7912472055
1643068056
6890541787
8634897459
1931620042
8205215793
8289182823
1855822841
9741961586
9455873430
7278398385
4439827795
1978275362
5135726117
1181650584
9149974613
8396246662
6923460915
3333870508
4899790525
9699237903
7748994969
2641119458
3323452517
4406367320
1429603515
7317491453
5867983716
1756823853
9109672238
3620969851
7784180905
4947974389
7542673907
1415003659
7864874582
9726161741
9622266266
5215025851
8834632396
2126979502
7724837100
2407002449
4074989408
2107541144
3483147395
2484821535
6209619946
8180130128
8639463251
2864625868
6864938642
1446242957
2960532693
9244074963
3939669707
2380388511
5053613364
3563983644
1738559891
1844304017
7765672596
8208559111
4465952737
2371424990
9604656239
6586557221
1552622003
8542771814
3065567855
9132408460
1706537026
6617304676
6520093507
1381074286
9446807039
7119622059
9193217464
9982781062
8275001135
3919352630
1007490408
7245390878
1941084987
6916044621
5899108858
2018766569
1087258538
8149803979
2310812643
1263506537
3926505042
1195015938
9851763061
1253839828
3257623765
1690816745
2043888071
2917375200
8921035695
7814190303
8334704781
1459050009
7831160282
6150575800
8140311708
5945217925
3677668582
4466218393
2612090930
4814160660
9601661712
4618198493
1493347572
6731130074
7104082528
8528539504
5439420690
7811963252
8901181240
2188845447
9906809452
1759100637
1019832951
9274252395
1191579772
1111674617
4933608730
7752563796
9673007790
4582457192
8157855529
9460846909
3636953184
6823304030
5502895643
1935933811
6515995346
5348482155
5472442560
9213266940
1493966921
7552001880
1878306520
7814730908
1776988444
8349714985
4908662765
9024950422
4586203773
8736280376
8816714249
1521801468
1468016763
4514058844
2366184401
3055228260
3905629206
1421450121
3917237536
1351444397
9110608087
2034975698
9113067645
7955260278
7678997794
4474803673
3308025204
9322987136
3449769110
8908473491
2088777329
6204483461
2220465600
4953409419
9577136570
1431890522
2206582833
5885947096
6421604897
5091499543
1524241372
5970869000
6989461033
5770793773
8257064278
1333325987
1803913509
3051198273
2897874706
7383092954
2785004705
3721302206
7548721861
4266278308
9564007187
1481921229
3636181020
8192330706
7720622557
6936343608
3764684820
7929129127
2558805602
3983342968
1975439667
1319750580
2858529948
7549326549
9053727236
3203511662
3165694651
9548638136
8977663612
1324928493
1326391091
9766775480
7204438604
8712598004
5710624967
8266382581
1722423554
2070553623
1973333937
3497776981
3881446765
8248277531
4628637141
5130289737
8276920975
1227796737
8342888901
1472391509
3180017976
8818667120
4276513245
8200390049
5599676754
2769068965
5749132507
1444849649
6489369209
1707907880
7726027135
1625981857
3031564540
8496335431
1703323635
1022056833
3745141822
4565537903
4863441575
9646041154
7734986168
1997137383
5624067535
9763729864
1726433258
8371593043
6721636532
1586051379
9014435251
2162312307
7023440250
1467846973
9147655992
3673556274
6681568462
8869718109
1461307959
2045750007
6786869689
9795206629
7157351566
9049012592
2722660757
4991508222
2194610753
7343990785
1358957669
5000499189
6710245196
6571616571
1938182151
5376236220
2689597625
6585301422
6877375122
3034865648
1714651779
2032775980
9875125115
4798212185
4409269480
3337141443
1453386754
1754226034
5380653425
4941020192
7343912540
9119832843
9926117816
4325094191
9858871187
4910651626
1816893677
5574498249
8933873018
9409407490
2669399799
8206836047
4822807456
3596396952
9344291438
9028667066
7027804753
7472027310
1877664139
2475490203
5457416114
1106424822
3035434420
3829146308
5212119742
5210774343
3616204477
1760710254
7708527865
2150212677
3495536609
8168977183
8972832986
5362317508
1553799558
8401631617
7656313923
2689039707
6389257328
9120151488
4079310783
4940631663
6911202198
2304780663
6246827362
2426255641
7847648151
1102881152
7333183673
8053298724
1899201752
9292284780
4639510753
1919467764
2280335730
5193237839
4327900537
1084975723
1777865136
1547221471
2310467163
1343440200
5654086215
6478572490
4649754500
7599455427
9732923043
4660283758
7352959254
3748128755
8917598439
1906426568
1124784388
7747145153
9939258427
6870176737
6188549161
5401654358
1617333215
1012723212
9824195129
6670877327
1613446717
9275382946
5932025995
1043360427
4969839170
5755647361
5097906673
5711199976
8448834584
1493798158
4230469122
8650261992
5143871690
4187062823
1526454328
1229100387
4232416048
2608475154
9819359852
7701824427
4658806119
7248206405
8231926691
4246792644
6570139063
9563112759
9764706185
1147978751
9849754525
8500553259
5614381585
9509134521
1762274635
1641139820
5686604370
3844941639
2232468241
2309927324
4311173504
6148205514
5260962678
7261311356
2747360062
6201638862
1033113984
7249982332
3926587841
9780285027
2721451833
4601851079
6269920548
9273139325
5548624395
1581646524
7598135991
1301600236
7589095292
8976076198
5834989034
8479948266
6154495080
7610916232
4001292309
5782734677
1432594022
6698919530
9598143938
2160317095
7502297697
9431019612
1672226483
4502977053
6405399674
2011777020
9778872607
9874374640
9633400562
4027673592
9238079016
6288585546
4883834810
6477070661
7946923284
1768149151
7207662042
8958758582
6915850980
1609503707
5019508773
5212386954
8154914542
5557079529
7599633006
5705779635
2116888371
9284301662
4671308973
9734532869
6723912277
8995448908
3592560752
1768659559
1104265033
1947482702
7601671724
2095268812
1793626399
3493869793
6447901565
5165884069
8567592528
1184184088
4827325065
3084873516
3711722547
9511434104
5483594974
6797448550
1971228316
9202529216
3304816453
9820553008
9108419776
6750704019
6592559979
7097635022
9948419604
3212179911
9034945120
3078094471
3938323671
7440385204
6744691913
9119175942
7437424816
2144748047
8556515385
7160998140
3302797049
1950008728
6625463998
1987684007
7735130312
2596166299
1048969405
1371272772
5034411694
8181054954
5390044709
9925857512
1232792274
7956091758
7815227891
7975428793
2107320390
8351812383
7684374142
9397554876
5765304352
1038878653
5844902765
5920735872
2935692171
2751176654
9843865461
6922434308
4354534607
5821876993
8806655095
4014709951
2030565096
6607657520
4886417478
5327504358
4921040860
1608690717
9659373350
5362353017
9908463641
9561897525
1925248544
4150733957
1838502167
1567272814
1557695542
1030551985
1259629834
2110679019
5877335049
4688006490
5615167326
1467465860
1163315395
5131964483
3665719306
2442786746
5588867709
1703837764
8585373166
5896727566
1004512999
8635572420
9948000934
8714944821
2598256636
7568802569
7542031527
6140666899
5911363581
9524816490
7468300525
2467562683
2903226911
1008433591
4919293294
1531393579
1268928314
5337214515
9291012732
9345639575
7388581277
4655227367
7576116958
5289789821
7079234035
5168112720
1687847029
2530231515
9612335378
3951307517
4123050854
8805094530
9985232909
9216986177
9334032558
6790476765
6567950776
4881760309
2193837505
9065012130
2476147821
8538337291
4153146852
7965812036
4818651187
5497522856
5459536089
1806884964
2166497747
2184477715
6727753055
2944607168
8919189880
2511889604
9808470089
3053056504
3778688684
6930285842
3649092667
8697491672
8919007816
5800081037
8989603873
8912559641
7126116472
1130561924
7106659159
5434684112
5783470986
3459884948
2685780432
2614692505
4598491269
9347296727
9383989235
5342818484
1587811322
2931024351
6376389480
9976804971
1278121464
1351782270
3158525220
7216768625
3426965578
3010597899
3341784104
1227497446
5082677221
7122164210
1434885987
9310099567
7967593043
2343077562
9092028704
3416934698
1724351091
7725681525
4582184481
9665675593
1142407594
1829943678
4756170769
9138423450
2115521729
1509560993
4629681197
8941123866
8313854958
6706943421
9687596838
6465851184
6791750762
7351287878
7152429226
4478952538
3235281266
9487582035
4916057769
2884101134
7786512276
1517545517
6976255603
5387417740
1513155541
9974338954
3104584832
5969928143
8541213486
2140400147
5028889459
3284934126
9605470167
1535310163
8506331158
4918562618
5445628831
8785156390
2016737460
9188557237
1518602080
8049511317
6483105439
2779887093
1795556147
8918472511
6542056235
1549869368
6341375334
8343277625
7993248681
3379591712
5036157414
4403644081
3956910346
9752787506
5355576103
7965198784
1081388673
1231145060
4513018673
9427372923
2701143866
7158148171
1868972885
8581189221
9446960655
6326018854
1148688848
8283844433
1905227044
7023230380
3778419832
4122095820
4781708864
4731243626
5243595231
1608666725
1170156394
2257378965
1107854878
7285623572
7748174714
1694220181
4912150214
7306329005
1184824257
5695365606
5876440134
4206612077
8876925031
2732155400
1487587487
9367803595
4245544907
5228482019
5652611927
1197395931
1790271743
9913918950
3455118719
1754881450
9914001788
5806171746
5012068225
9685892599
8432689985
2260813784
7652613346
9899045503
3345545860
1036531299
1001865669
4776815117
2063097064
1925189290
7385296920
3533335030
1914648724
3819513956
9669378265
7433016815
6377643097
4658651050
1095662550
3274572663
3493753901
1063849664
4573323809
3007717590
6838015778
2109931281
6930223813
1668711482
9203843585
7485342091
1731207939
7940113743
1042204394
2205099192
4220715690
1646143505
5666628481
7034471692
7292965399
6571398193
1294592120
9071753013
3399281470
7593174194
8625240582
3366431401
9794760178
3483303916
4192275707
4314464026
5592868104
5609395760
1567697073
3966087595
6788319922
9143619486
7350707350
8328522186
1592849146
9285253429
1300981445
1629716351
1263078309
5603616889
7900300251
2835560998
9053255811
1079880982
7870616170
1103092703
1433352534
5689208190
3201463306
9583243193
7886851669
7954169295
8948111427
8824197519
5832323914
8711274879
1791024341
1079686739
5800655192
7960393343
6007117747
5038496164
5515023011
1474306355
6192317376
1047705467
1483333732
5906464552
1212782157
7769410353
1682510434
7146642902
7679082115
9398187306
1510353384
3605765891
3995708670
3405978508
4570369787
5627929954
6998053227
9877764147
9838855460
8546890399
2576345630
7422261471
4470566298
8287840120
9956734931
6236865569
9919963656
5584608916
1780551827
8060089641
1896336085
6357371531
1674350280
8173315144
1127168292
8872422049
5592687045
9707055953
6850139868
1628049833
3851896965
8895927981
4489088827
2197500202
4214815338
1848499908
4632392396
3199981184
2285170844
9537859511
9091076813
4367581690
4983833131
4294737142
3405459819
4795986045
7175497341
8199823151
1010792642
1130379893
1787179008
8919011630
5720458993
9550937499
1997857856
4444712785
1082097089
5251898839
1628802172
9538458896
9555344302
3619239198
8489104454
9427717573
8464353903
6494362475
1203881754
9938098505
8176115646
1690855423
6886728347
5119925530
5151385624
7684114936
3875738003
1570052336
3961359475
7982857505
3176964917
9098806698
1796426876
1938530554
1525548107
9689537360
1032234701
3923876655
2402705365
6303327539
1665500619
1272887676
1477305465
7357953888
3256314142
4244088768
6651873681
1948398032
1775762175
6137677159
4079378037
9068634578
1031462762
9112847320
2440153866
1090542078
9686255607
6733426575
6717445458
4136216371
6963236693
1355537264
9201353389
1042407435
3075122481
6688854667
1784122336
8801386347
7591510221
1659677750
7376765437
4188157074
8070287109
9046578402
5894228201
2089506395
8972527392
2449396705
5214718015
9002812276
6149871162
6339364775
4780752428
1418089326
9864931797
3555461446
9544130152
7486446964
8094080648
5892830308
1904027224
4456942625
7256490752
4500695796
4461519293
1866014742
5254622497
1578902337
7736070433
4642157440
7233585466
8858723394
3307323899
6067386012
6173466406
8754285358
1265372558
1982040112
5777476789
7921097811
8549243192
6628577609
1249985139
8363845442
9846557388
5059406928
4597321373
1076354884
5571799300
2886407205
1690646168
3571191122
3660849722
5069145645
7073292940
3901545037
4680434068
4726564666
5521843179
8667231978
9007406112
5721276300
4377003705
9462775905
1075552733
7939987924
7910693943
8702247621
6669416040
3779252996
5917184517
4990150133
8265396938
1228224629
2003100170
2917764639
4306085703
7148646888
7969338536
5457096790
4352147796
7452188574
2309684008
8766975691
8183718042
5537628361
3895415328
4318500215
2954396474
1065901197
1025398289
1755117313
5259481720
2171222327
6108186643
1886914280
9220789803
1166043308
8071535169
8523727066
1546012564
4647648867
8607566131
5116618835
3509355786
7372113678
2034075636
8368026232
9977521567
1093915915
3041641685
2564912466
8545108023
1829381070
6280759899
3867965085
6330721752
1792496485
8073713183
5267784156
3448667009
8402170678
6574498309
5409716594
1662308829
1027655058
5712453299
7967800028
2595104879
1982894321
9841294140
3783179647
6413810238
3910341650
7596428089
6111938458
8323118906
2963684933
4632573490
6386171674
3092837325
2391716070
1663194926
1827666557
2657901737
5165187115
6087293231
4918021293
2487843977
5712454167
2971665850
1328267664
9672330512
1863127127
6316223624
4545671674
1976209671
1025429546
8919186186
2205982334
5076738345
7870626494
6373336135
5286930213
1255394797
8497073070
5180660331
9003413779
5740722392
8000884340
1015069622
9614366454
3527507853
3952406562
1000564543
8982907264
6134356306
4646695250
3999102165
9577541491
8320008846
1892171313
8919482976
1840730569
5745731317
5926038130
3697793789
3263085932
1170975436
5361519050
1077096951
5890963404
2907754273
1973413356
9853718842
4875245303
5762487974
9204387113
1365407021
2626540466
8938435021
5781322612
1842254839
9982771333
9023278095
1464021971
1133487454
7378247748
7438604289
1434350294
3004655365
5587241728
3830980760
5575845540
7973777337
8269074944
3283287284
5465206301
3092649784
5724870483
9594732391
1055336669
5588750779
1373275159
4224679077
5353841237
2548992415
8930286441
6373212332
9760119050
8598810688
2881282278
3278948520
3973288285
8152049998
2808296148
5180243808
2865549919
9799073996
4340615795
5732608831
2515808175
4783336674
9168204418
1003483800
7634718617
1777199486
3105890754
2865416289
5298718725
1702930270
3973021930
1400692494
6328581830
1459805993
2210026377
1037744244
2828546724
6049987281
6379611884
3144334978
4319549361
4194666980
8779613213
5531617263
3609410221
6950898743
1338099870
7407367828
1874690892
2494682277
3424903145
4930835910
5153998856
5993416680
8422839861
6029868393
9317752452
3657405070
1401342565
4226224438
1144296419
4507338575
1037156225
9077936953
9476540055
6489259999
9734415035
1133075318
9488453246
7831720278
7646878548
8091571022
6737771172
2551686004
6285453499
3447366450
6033013404
2021711319
5185203169
9359343310
6301824745
7310839928
5731365495
4967571919
3212582959
4127518941
1133310358
1181117899
4484481018
7362005335
1081381866
5488473332
6589307409
6445161395
4786095413
9189729049
8690352703
2325604727
6607764092
4626918249
5397234911
7541204173
8604151887
5185865531
2449273745
5723780667
7661862394
7862386466
5517873136
1374174004
5645776986
8670798880
6385817960
6765653783
9327630895
9542487458
9149440321
9387258871
5681120951
1182494197
5542341527
1488319841
2751276765
3030155675
9491271073
1554722006
8844280122
3701743096
4794817862
3952497341
2410668635
7104982674
2746278186
1226775515
4700839113
6819661946
8523475459
3001862811
5762560618
4738248175
1806480657
4693833424
4948201072
1692304100
1030187383
2008795636
1443682229
1976078161
2284278971
2312665416
3144734655
1005490809
6192813830
5712440035
7848724622
9751145516
2430522964
9287704938
1392101092
5210208665
1874570274
1642562749
1477005599
7404254394
6891436600
9517383519
4130506808
6230394736
1364409961
1497498399
4115804172
3771171414
6535022029
4316634246
5716890709
4828772707
5344505775
8809657556
1031080051
8079174372
1479845370
9246318771
9709448326
6718098612
7666215364
7999178193
1700284403
7939323450
5218020888
1256724571
7718291643
2923256293
9436773845
8623149158
5678611499
6003295262
9562846428
9801755871
9509889013
8337980271
1105662598
1727644726
4766881004
2154657967
7805344893
4030291509
9561846530
8823164979
8525973067
7337742190
3728326216
8257517120
4903416516
1588214539
4697620214
1268495438
6317846583
2205051156
9151056204
2567273760
1983578372
8770626514
2919951794
6884754875
8425332309
4426290776
3821642133
2724111484
7231833010
3281979347
9654941174
5874149744
6852374751
4097105650
3833286417
9177020418
1815049535
7474117093
4213279804
1037246556
8937137678
3463412539
8893797854
1624730572
7000861884
9848351316
2897562637
9206252856
2533768760
5231900322
3876299047
7342316942
3105420396
8008190945
2106009210
9402759258
1583753076
6350171836
8857769648
8048674624
9499600036
7628050398
7536119324
2541514818
8005732321
4463092423
6745755278
9548774576
7934302208
2246745403
8336960922
5979435536
9443084975
1524373058
9863934037
3538074619
9674905404
5334070344
6989693347
4795738946
4454658990
8600865098
3641069970
3739676680
3544180334
8894528164
1240986474
7767845394
7324215545
1029557284
7364413520
4664219520
1047980678
2570130451
7814068463
1151399689
8476758876
4885231167
9205820321
3081124099
3835998600
7626880602
7786260231
2711378291
9159731023
8174493379
4624228303
3687992824
3674731611
6205509004
6169128245
1369889119
7290870926
4978827443
2618637114
2192156679
5306924069
1177134505
7657705790
6323997715
3997648548
9021279783
1705157915
5684344414
1123311488
9377423722
9099573953
6131525250
1006501659
8772001405
2637935494
2789382111
2747294172
1203578140
8051842075
9045342267
9959776078
9644168218
1399423702
8678403074
8858366054
7610543715
4535278261
5874340233
1639611400
5121898923
6058481933
3652226518
9502044940
5693386735
3655716888
8236267214
5298943444
1191999553
4890137860
1909276603
7031157113
8815343086
5267456690
4267702404
5350408852
4702906053
4288391648
3095489479
8041090547
2955638750
2102318954
8706059693
4544688806
8607858525
1098682483
4246918856
3467583674
5696591743
5743165246
1188023505
8003964170
1780107261
7043958998
4249380323
1215100742
1919413479
1761850748
2063031823
1608616133
3801813750
2914861936
2942412379
5227586753
9415449125
5026233421
1294407931
2412878789
8457709645
3904790550
1116746530
8524461973
8964897071
6485120344
6753117326
4886926976
6276477737
2799399093
3703736951
3846130260
4410154833
1202075882
1003975714
2436307019
7924227668
2124344320
1102443239
4988013449
2688280873
1781116231
1624721688
2291344471
3384330352
8975058799
8461013797
6509672139
9539154888
3405796236
6520960514
9724876888
9244861573
5992470355
2763449936
5614701938
9989826633
8175497405
8363277367
2373069394
3196963212
7959660965
4547258812
1010238841
8639139131
5982000457
1390597410
2137758205
7003184502
8043349831
8941235752
7249480768
3631084890
5379780280
6047728224
8679149025
7236656367
4271688806
4696968507
8438645214
3292712591
9600764817
2403323219
1417600335
6312512041
3788262727
1587412718
1597976477
1411592699
8321358982
9766483353
5603982490
8285661123
1840488466
8833438908
2353832689
3048454855
1512177900
5296620980
9446019633
2287568951
1954746968
5662595949
2424417246
1609096892
4047266173
7425644779
6318252086
8204122985
5683602440
8826808735
4226419336
4792947501
5188565094
2109210319
4618418142
1688852748
7485648013
7188435512
4198399524
4246223886
1484348349
4858818521
2645961584
1832174150
7876962372
4706888588
8148948270
4505014786
5180357311
1645252804
8079715459
1325153712
7573593175
6538463123
5712900639
5688874212
6674302047
3751614093
3901647089
2987144857
4607573634
5731454264
4078753602
8255411491
9643263904
3520304577
5315911677
4160890074
2156146731
1389604920
1166829230
5474981144
8960455377
5406328827
4376152234
1038358594
1173185284
7364904153
5165715334
5154178796
5507559963
1135556533
4019791537
5921017045
9311298042
7539894803
2597598160
6172769814
4674287876
8318558298
4234624790
7565354932
1232003246
6115617184
6492638469
7185631441
2818931180
4057386960
8224721398
6615553088
8181523997
8423290773
3093950113
4553208107
7237907629
9079826787
2371289267
1421320405
5157574024
2176404161
7727065577
1989710633
8886924415
9376896810
7328136457
1646630475
2855660770
1611282542
9377502996
6287486907
5576141177
1253870956
2665562251
5084072608
3725141194
1476257983
1881672770
2715556233
1619873028
2186070899
6744072647
2443926338
1556565760
7620938915
3644637995
5671538624
7335612863
1921635031
7212325070
2556299982
1330331851
2667582991
8467458266
4888620060
8184456256
1465921878
4590017847
1952901955
4536333934
9585499247
1378936341
9883897456
2042520324
1785898841
4526167714
5492755690
7997972030
8055011663
6397654593
6652945653
1535561863
3836076904
8113479324
2451358171
1097169462
9430489416
5022485659
7630080547
6079792831
8479254260
5659205711
4194809838
4639608749
3060189354
6096518911
2514305772
1496077034
9606939384
9286415742
2867417163
2124665972
4195703616
4057268160
1309220477
1824265624
1515690066
1987720391
1398723847
2972166012
8822079988
2480725663
8148803278
3300470352
2734497343
4740325621
6111141092
1569272121
8440306509
1946704941
2211206702
6237415264
2560085427
1343772172
1957810969
4224221807
7100148098
8911025835
7626590628
8374220330
3261886312
1641995255
4313710930
6544866728
3929547341
3078049391
9061162584
1770592664
2996484952
4481119018
4542286160
6570741028
6521316108
1600742945
9286278857
1154596587
3664234817
1421629424
7605005244
6470836792
8417058377
7964151776
9785982678
9667434687
8751979090
8979876029
6363034800
3502898800
1673584507
5569068386
8107385222
5653226222
8529479764
7300029571
1541046717
5494851552
4020448649
9531768669
1723513889
6174408045
2808906508
3261493769
7367224626
5794230776
1715533379
2786913756
9503009154
4828698131
5503878531
9041141730
1795063394
1778876443
7130744859
5378179137
5900650325
1056732621
1670386907
1357451995
3793075520
1182139992
4762824091
1535465305
9742829874
6942182748
4379056369
8982914633
1742630316
4744695969
9350497610
5000891269
1425472077
4579434473
1615318337
5683315699
8141973339
5032399169
6253666263
7520340527
1173244069
9011464320
9070647598
5818890307
6240501822
1523554005
3910813197
1348010430
2031836789
4086763837
4618738348
4351716756
1494569058
5476032336
8190054671
7049905701
1235427606
6597170251
3834113710
6227555304
2808908063
6697055042
3883887839
3783672580
3129334038
9590937321
2374042794
3617599827
7935012187
1911463610
1199283841
4172966218
7558914709
7707833139
7560230091
6616065087
3279804638
5145055536
5166469384
9536001238
1819906384
7516444521
9405187700
3303254887
5525633543
1798268634
2105689537
5868117133
1110746094
9047008363
9700769668
9154713924
1034636381
1399965998
2087033756
1376540185
2162754396
7291138608
7859533094
1292703904
6250068073
8616537721
4276228490
9576664895
8021292198
7746467963
2525280031
7729587913
4530412355
2149735206
9473342709
8118199337
8327250922
9708697979
6518012197
1292200161
1097649362
1241822354
9724019578
1616599219
2733597005
1184211279
6697779212
4460097296
5524678109
1405102929
3653825097
1895513365
7818527802
1611338684
7483381216
6674356504
2899706683
4931647783
1305703779
1479129722
5390367279
7717410213
1443466488
6699260186
1403061378
1125316292
6200391535
8598585198
1131148883
1000563702
8833808060
6781986197
2158320087
1838467986
2137423333
4783784549
6878090405
8670932767
2657080014
3731783037
7784635879
3472847553
1641080293
1930916469
2885572464
5834256934
6683657652
8876862106
6691366218
1443197538
1212079629
2637039639
4484400907
1812537817
4687802351
8287318029
9927204467
3084622213
9260577387
9314691488
9938452221
7299836800
1457079190
9493441514
3188964730
1747847026
1477428469
4890256976
1286605804
2584415841
9010597547
3895272177
5707432927
8739304903
2569015723
2916586773
6557214314
1797492538
7811122846
1941676156
8351036367
7444046628
2238512878
7079775301
5255751639
5677709141
7957370000
6177571347
1725508053
5030793084
6817906437
1364333799
6421980968
6801691347
5523642225
2025355844
4919579671
7820504248
6902035625
7031901257
1188568695
3354634336
9728925058
9146805391
5519932908
2960387350
5131153489
4708784571
7336603635
6724685506
5674534753
5974905475
4518797653
2671624952
1494558222
2395350277
5924403829
3176872686
4677404182
9222739897
4718449033
3989972570
1184907247
9781250404
6948213229
9912394224
5137094471
6972011195
1664357566
8284049385
1888463230
8341038772
9472407023
7102683784
9562152140
6562085006
1445657263
5626853942
9046705471
1197855557
3555684261
4459369374
1133728887
6791986815
2967695312
1886794746
1215927942
1207166163
3943536014
8937942767
6059072589
4012311420
1396711527
4065692543
1363962201
3334489344
9094518456
8539589968
7829830432
3056869400
7278313044
6472712625
6555888343
2439529482
4146431376
1668177060
3431331144
6065451195
8597080757
9914153294
2626097494
3594717247
9000736206
8509788715
1229023446
4755498207
3602671399
5124506743
4342772941
8520034524
5796891415
2549154086
7145775976
1445865341
7196940901
4183526698
2979031738
8197148771
3669074036
2226016327
2274754791
7160408496
8786853999
5381669623
2165491246
3317448239
1282994569
6757359483
2108008493
1134516134
1592051648
2989821209
8801509789
6751822847
3529083913
8071319229
4408775626
1786499433
9135685399
7279006625
2569176801
5866881179
6155197138
1409687067
7820797289
8123738466
6341305139
3100686462
9313319151
1992494073
2045615310
7912934717
1260550265
1926781190
8522505233
9961208282
9354764635
8745013228
8218335429
9191951451
5070095271
4104161666
8178027414
3862326421
1673814880
7377865638
8497070149
8850764119
5140235080
4726240320
7093947390
3253772069
7862945810
3266071921
5734150735
8049135638
1150955077
1007490252
9443451447
8207631270
2856665560
3273660116
9610277214
1016352112
1736438701
6166622215
2964122637
5468097027
3051773784
4309412488
4311432840
5324291542
1709435848
9046926448
6417412234
2800601935
9325282955
4590929237
2768216383
3832153225
9332861068
5652766717
8805053799
3020719140
1866368892
4086452146
6874260764
9103835084
1540246555
1568697840
5379738397
1817409357
4362460123
4816832014
4826474036
8173774472
4762760963
2784860881
8187737756
1741936894
1930109830
1168056477
3631370669
1805546449
9579015400
1383267494
3883877312
2978076678
1461237696
5968614034
8920024965
6948507755
2347592138
7173595940
6638978246
5663218902
6483412330
3423753210
6752433404
3617975334
8056419205
1898151273
5232498753
3294580002
6111336062
1568571281
1274195546
5052657219
6267422196
6496377574
6112890951
1717523043
3745493630
1430960467
9922008576
4253243499
5418225285
9557020723
1972911758
2703946987
2858520684
5414385646
1248113457
8115772091
4092336327
8410094554
3551559740
1697600397
1556412069
2083557747
5227557688
8475894915
1110337732
2145387690
1109218013
3075605687
6381881761
6879695450
7221826561
5032736904
2771194285
6476345540
8810797706
2562135967
1166390066
7560041029
1282587981
1245948884
3869590698
7076859456
6051050610
3477281852
4305983500
8897812712
1759275068
1113799687
6732330270
9066782454
8462792553
8175121327
1455780333
8983577616
6731239840
4598762013
1413897352
4119880616
4833569847
3777170109
5004358732
8794838309
9365812616
9416733771
8071721261
5496871148
1950128274
1469304757
7188725033
1631915083
2633844938
8871221437
8075825629
1442362555
5069953255
7944109690
6116346161
2752932654
8560768581
6767343873
7440810740
4727669540
3596395869
1240483182
1568071088
9579229817
2974537889
1727755706
6673434262
4882454756
9465902402
7945911489
6415547343
6621325724
5231009643
9902101000
7423950559
7305814679
6356718198
6557893389
6121921211
5067821624
6410972106
1469734231
8475464227
6731669366
3905421879
8084527104
7915907129
2927889403
1436384465
5110970465
3392259932
2894420800
1303789003
4927163759
1059478313
2789066429
9768591320
1701161056
5818707659
7230156964
2639031625
1276262294
1456730184
6024575806
1476729756
8901038595
9442638529
5801688099
1673727349
5135144471
7905112419
4227293079
8383678771
6146194392
9048067950
2059470797
9793668720
8962082427
5574101988
7859591518
5697745220
7959895574
9523800856
1883898044
5257889968
7417911518
8970188312
1117557977
2146230814
1076597766
7875206913
3284518784
3777586315
1171400485
3759707993
1321966046
6973545064
3414595216
9509311245
4270566928
7889761571
6318149643
1112244722
9350936176
4512753659
5355276073
1062020118
8922026403
7469588023
3069737339
1045442360
1497073456
6342910180
9280307322
9216184306
8424967692
8503830717
7881970740
2835555176
5454350624
1837873940
3868106803
4423297778
4263249880
1587107336
9606294316
4826058170
4447790248
4220360032
3675440587
1200360520
1685170838
2180099462
8316823979
8495024701
6125840525
3197762111
8664417874
7853642004
7118120712
2578129882
1446079484
9455642497
2233354741
2462144454
4186779616
9606354729
8938335557
2106916394
1681153611
3780544971
2022334454
9636573272
9723176582
8303369113
3424165574
7957330532
5072383158
3336352003
2453885412
4912836148
7764944874
4796409564
3329429243
5725095201
6740975965
9787821949
1219253219
7579238876
3906407129
2471722040
9486217582
9908732398
1790874027
8705716738
7885182888
1424141094
9917641705
1240831248
2108946327
3376217271
9402749338
1428359203
5695135657
5883137776
2183183860
7534466046
8189965917
6417770045
1205850069
3430752130
2455076102
4296263733
1345289336
1853927749
5071890931
1023909684
6957551895
8907566408
9501229664
8523783637
6032209470
2766029646
7474731631
7009094655
5241110990
9295309801
3841514490
1477098224
6435520387
7431300784
7774834155
9264722208
1453646016
9541407480
7976756771
3777402677
2215771840
6798456443
1287145640
3665514202
5124542339
9777612099
2766276381
7221796921
7840406530
4481544484
9956620008
1601251921
1191109073
7395640182
6211640007
5135217908
5633311140
8750981341
7690860605
7038310270
2596896254
1225910342
7305407483
8787278156
1568267879
9755413480
7960312867
6319691378
4504328144
2415111256
1409274153
3139469819
8492147870
1571712278
1170592809
5754312796
8063464747
9658079672
3327449551
4998150981
8394263630
3711003243
1274505257
8484248052
8683592660
1389838988
7920257068
7074775247
7265084222
4625398196
5906548248
5242796917
8222776757
1150444345
9996154346
5559768841
9371001315
7437209633
4518716884
4209813309
6604554157
1819616860
9102600835
1804142112
8771973510
6101650177
6555727856
9597204680
8353882492
4377328794
1314479479
1830501177
2198524270
5065894244
9675645130
2115866698
3244566251
6927426181
2181471189
5632141006
2169257574
2186497999
1809037330
1591336017
1284091688
9044700881
3337733786
5076020094
9617058650
3655245933
8850388976
8849202902
7398918249
6298174213
8500381079
3729481596
4815115431
5925786761
6732984228
9496973520
1220698046
1527168523
2283863087
5813220738
1057983826
7636226250
7030591017
5150954981
9040391155
7167189732
7808614258
7911169368
8062592690
3026946894
7887458466
3226597187
9599205441
1377586151
7536798621
3287197830
8546505206
3262427485
4473653404
1486013120
7781455638
5312790482
2068378884
8433490441
4300728751
8155373118
3268090418
4792480521
1129467870
6125946567
4548231052
8105033507
6659575183
8839104147
2566964535
3908227661
1122636836
7480321929
6472927036
1585357145
1874225445
5024698911
5145458261
8641905994
7741410236
9509542190
4659147754
9833127796
1000536864
4140415831
5380816022
5616003113
4167743898
7947179457
1925810255
5706383934
1646288476
5321612802
3218439335
2249780640
6688140384
8540887159
2595488473
1780405923
8036696479
9943910551
7673543705
9271122512
2359896188
7473462731
7468137628
1643729629
7212437387
1083564298
6331487345
8119784082
9397892663
1195003265
3312026947
5608193173
2610738839
4136695324
8587813393
7515817638
8582054700
9025736123
8361396502
5743662097
3511010474
9143585413
3724308977
4262360292
9754604476
7977471364
1044078131
1906000795
4278972943
9113748109
9413077735
4463112061
1371970977
6399576613
1373034210
4105947155
3046231158
4118193073
6542226039
8541348082
9899184783
1069231726
3533573457
1315638033
3196963352
7946395415
8869331721
2356985321
5395224352
4175819221
8321218526
9986255776
2593524619
8120627336
9861944552
1707385043
8955654380
4755136505
4810864563
1496475052
1998553375
3571727557
1014670656
6639394181
7904001564
9468474097
8263890255
1363263955
1907505427
5457080143
2909549638
6181576338
1949516835
8594370204
1065277891
3455042772
5634790565
5183236386
8157997076
7227856925
3726692578
6465461293
1314428495
8391421741
3604476785
9551449314
7904800874
9274913532
9923533025
8695879576
6157001146
9106708647
9708761198
5313001361
8649729552
9354026436
8649719737
8770737416
3269265102
6973835856
3428017156
4675261796
1922644924
4676444744
5806714603
9248707180
2264243352
1482095405
4291468506
9304833471
6898605173
2101606584
7073538130
8496866316
5788508024
7352278238
5222351852
8026592157
8569834829
8328994941
7544849919
6452989503
8988729760
2629474720
9723422493
7648958812
5173081384
9197099828
3344519288
3614963874
6070103508
9893569462
3657937865
7254201545
1200947906
1897081444
2426390710
6043381251
5169300732
6945004522
4752036185
6410129477
1674293173
3497670782
3959036576
8516055728
7435834052
9750672115
8361623493
5302452301
1346581483
1816509827
5640098934
9799143520
1380951990
1517230984
2075635437
8960743822
3741808924
7826513643
4059881726
2443032869
9936619624
6760694339
1762638610
2146735372
3752123274
5967698024
1428373799
3214131152
8736219606
3269294690
2843655404
5674464747
6623660105
7629183885
1491972366
9190057253
3690940764
5142813211
5134389154
7799645782
8362068664
4370783969
9381119225
6401491429
7715552628
7645946203
1942349044
1464536232
1982917025
9714943192
7407656978
2019887387
8715295099
3828034404
9993222222
3923127992
8541726624
6194029248
5230345523
1829286398
4216430733
2774581589
3229822024
4008558728
7764529205
3626927304
6573887165
8780410858
1222910358
4348821381
1265221106
8137039189
1840795866
7649939913
5449854060
7938552283
9438662330
7001864477
6364156954
9156012308
6983320868
1406257643
6988256223
4336539197
5992486099
6838019009
4227219616
1272258752
2489249469
3600323007
5541018578
6595855654
1409428620
5008938543
1234051357
7788772815
4885609200
1140029736
1720055569
2715927694
2471387340
9950856273
6427461966
3951090421
2441151044
5492943479
6622608490
1685885052
2691822737
4922966077
6243651577
1464552601
8004515408
9541253764
8246773837
4842861514
8276760920
1239330041
3488135212
3772126379
8796213897
5726994521
2636454896
6094017484
1859139457
3906346776
2230468852
6542382683
1295839724
2151638988
1948266043
2864602575
7910781428
6107956062
1461101637
1058212218
9480289438
6800596733
7682904443
3882543107
6076126846
4532094386
5140098100
8950178489
7122789919
5983518614
2337770391
1870661856
7591240095
3758869738
2917271490
2899141181
6270577828
2416386271
5998107859
8252183512
8676191680
6828609820
6560088847
3590457791
1891410095
8326735647
5873347287
5153615486
9713631681
9136448150
3522825622
1577127680
8830585028
8336032232
7347133886
1847942529
6052578856
6948102614
9587077332
7864056614
1900964683
2365731377
5201848463
3985333022
4283201355
7575640032
7867630065
7833810262
1307284023
2648071762
3049026474
7302261460
8537643017
6968118885
7682741011
2871271372
8313498239
1872372876
1920190437
4033694283
1497402658
1280417536
4104358023
3744513058
1391147701
1875063745
1214296713
1128434813
7053749784
1229868030
5938067307
4612581311
9615818079
9388324649
1288129775
9206002261
1038127437
1099098562
1543488708
7025245929
5931350425
6958804184
6729731134
9639687012
8710721544
7692591808
8275881319
7579560734
4532761347
6436059960
9431189046
7433386021
9963915192
4132323199
1709740040
5613702405
4573623467
1449063533
6321563872
6792186488
3214651458
6525233368
8653870180
3216392525
8080010329
1808604960
3153693734
7062909411
9329772913
7653320658
5927430580
9438263462
7445668579
7176587276
2984925310
9161556457
8480644489
8179322627
6484832679
6327297899
7558010640
7096734877
3348289192
9354428282
2814048367
4356764374
1594309441
5968406253
2547443476
5104102858
7872144979
6383429465
8785675593
8197163076
5882652749
7359249353
1018767309
9035988091
9580249768
3686123012
1962455093
1661491724
8186450738
9564070998
1656644670
1821220412
1894665841
1874995422
7029587302
2333298548
5729190951
5174320624
6377368010
8451785177
8734013932
6978041568
5309272749
9108768192
3560975538
6796188510
2686018446
1683072248
9311283745
7332265621
8928726491
2454158445
6307595498
3968245813
9955129521
3666749272
7926937636
3104956932
1775607581
2780605445
9533822683
4181915698
5855811640
1064075270
2406236222
9103099177
8625440105
7058715169
1323212094
9571462310
7720628901
4342659357
6866619940
5567713397
8625199361
6444252247
6982498455
5900568191
2695845628
7703428875
6586178652
1902804119
7601277053
4295147202
9618302692
2175871546
7842244351
2738326695
3382099691
1218709666
6677469163
9550331033
8608296977
9065001642
1253736878
1360870792
5108721624
1528218275
4700766631
8700309884
4907812515
3949382516
5487585838
6955008537
3061886413
8032629931
4519496763
6537496466
9689523495
7416095265
1459656002
4962807492
1155573153
3272674529
7592716028
3862764140
4518849418
1019210233
7870632412
8989355986
1410658435
1830611101
7686235814
8405248159
1997313567
5669517911
2419786338
4254823560
3324466906
3399425341
5849193654
5864327873
6717773351
4974360133
1952552347
2664327383
4205705494
1844970708
1817480865
9447110846
4737016718
6335312166
5860820408
3811477900
7772907224
5052312740
6825344449
2523600080
8438379899
3144035801
9677879304
5468961311
1437016884
1197417658
5324345814
3073957009
1912517390
3078296263
4463035516
2705847640
1832312016
6917259439
8456136097
6990012858
5186303447
8180028684
8208246434
2917793972
9538897703
5530106943
3830186387
7674162350
1441004882
1977374894
3302791356
4329953963
6313124169
8416306507
9457317107
2012052504
7718618380
1289287076
5800842453
1276009178
4840637746
6246106640
1176317596
4371737987
3211495649
5078501136
8488954139
8479715623
9503153203
1079384309
7636518355
6073226804
9667585877
1214581319
4314386461
6392397507
2011709599
5895319214
9773472498
1571617732
4785213655
2743841124
4008254603
7742590528
7995134966
3728556470
8216723193
8482720230
1623794091
8952115082
3011559033
1579937762
1194151542
8826760619
8789277197
7561411228
8463248794
9736993754
9098964949
9521835651
6101690343
5268283007
7211994585
1850545277
6263435921
1737710124
6723789314
8337643509
7591460370
1860821740
1813308832
2211711428
7159434089
8521517177
6961391306
9777829407
4377205874
9556255827
5688929245
9558465815
8156962389
7806267452
3896837060
6364857030
4612256195
4059656067
9304144392
3892773139
4457306227
8979607316
4413863294
8576972193
8390770896
4285378401
5573572998
2978349313
6322169189
5870904687
8925996965
8293680795
7036311012
8842587258
8899799062
6059876854
4869419860
7993432457
8750451990
3723546488
7518654372
1835987965
1371970505
1752942105
5391036479
5942134292
1433631663
5230543504
7616775808
6787852024
5603603160
8414196614
5568991187
1835215609
6031486073
8231923928
7355328336
6885046843
5040156646
1080504183
3688602225
5560060889
9388774031
4402270829
2387466227
2146830436
4084964638
8875919963
